,Price Variance,Volume,Price Momentum,HCPI,GDP Growth,Interest Rate,Fear & Greed Index
Price Variance,1.0,0.11493019051552797,0.6049221820837851,0.05377375999330893,0.10710607447635764,-0.20110250657040427,-0.2507973835961391
Volume,0.11493019051552797,1.0,0.5721989349413555,0.2773279483379247,0.4469718090612115,-0.6423167368371626,0.18153721636371137
Price Momentum,0.6049221820837851,0.5721989349413555,1.0,-0.11639532496296821,0.39513602752532556,-0.4149085400430054,0.13871242197399372
HCPI,0.05377375999330893,0.2773279483379247,-0.11639532496296821,1.0,0.081342546198654,-0.5207231470949223,-0.49164679261980293
GDP Growth,0.10710607447635764,0.4469718090612115,0.39513602752532556,0.081342546198654,1.0,-0.07291941553390757,0.09402154951108513
Interest Rate,-0.20110250657040427,-0.6423167368371626,-0.4149085400430054,-0.5207231470949223,-0.07291941553390757,1.0,0.20298042681126516
Fear & Greed Index,-0.2507973835961391,0.18153721636371137,0.13871242197399372,-0.49164679261980293,0.09402154951108513,0.20298042681126516,1.0
